26.7
26.5
26.5
26.4
26.4
26.4
26.4
26.4
26.8
26.7
26.7
26.8
26.4
26.2
26.1
25.9
25.8
25.9
26.0
26.0
26.1
26.2
26.2
26.2
25.7
25.5
25.5
25.5
25.5
25.4
25.5
25.4
25.4
25.5
25.4
25.5
25.1
25.0
25.1
25.1
25.0
24.9
25.0
24.9
25.0
25.1
25.2
25.4
25.0
25.0
25.0
25.0
25.1
25.3
25.6
25.7
25.9
26.1
26.3
26.6
26.2
26.1
26.2
26.2
26.3
26.5
26.7
26.8
27.0
27.2
27.5
27.8
27.4
27.3
27.4
27.4
27.5
27.6
27.8
27.8
27.9
27.9
28.0
28.2
27.7
27.5
27.4
27.4
27.4
27.4
27.5
27.4
27.5
27.6
27.7
27.9
27.4
27.2
27.3
27.3
27.4
27.5
27.7
27.7
27.8
27.9
28.1
28.4
27.9
27.6
27.7
27.7
27.7
27.8
28.1
28.0
28.1
28.2
28.4
28.8
28.2
27.9
27.9
28.0
28.0
28.2
28.4
28.3
28.4
28.4
28.6
28.9
28.2
27.9
27.9
28.0
28.1
28.3
28.5
28.5
28.5
28.6
28.8
29.2
28.4
28.2
28.3
28.3
28.5
28.7
29.0
29.0
28.9
28.8
29.0
29.3
28.7
28.4
28.5
28.6
28.6
28.7
28.9
28.8
28.8
28.9
29.1
29.3
28.6
28.4
28.4
28.5
28.5
28.6
29.0
28.9
29.1
29.2
29.5
29.9
29.3
29.1
29.3
29.5
29.5
29.8
30.1
30.0
30.1
30.1
30.5
30.9
30.3
30.2
30.5
30.6
30.8
31.1
31.5
31.6
31.7
31.8
32.3
32.8
32.1
32.0
32.3
32.4
32.7
33.1
33.4
33.5
33.6
33.7
34.2
34.6
34.0
33.9
34.0
34.1
34.3
34.6
35.1
35.2
35.3
35.7
36.2
36.7
36.2
36.0
36.2
36.4
36.7
36.9
37.4
37.5
37.5
37.7
38.2
38.7
38.1
37.9
38.1
38.2
38.5
38.8
39.2
39.2
39.3
39.6
40.0
40.8
40.3
39.9
40.3
40.6
40.8
41.4
41.8
42.0
42.2
42.4
43.2
43.9
43.0
43.0
43.3
43.4
43.7
44.3
44.7
44.9
44.8
45.2
46.0
46.5
45.7
45.5
45.9
46.2
46.9
47.2
47.8
47.8
47.7
48.0
48.7
49.5
48.6
48.6
49.0
49.5
50.0
50.5
51.3
51.3
51.3
51.6
52.2
52.9
52.0
52.0
52.5
52.9
53.3
53.8
54.4
54.4
54.7
55.1
56.1
57.3
56.1
56.1
56.7
57.5
58.0
58.7
59.2
59.3
59.4
59.7
60.7
61.9
60.8
61.0
61.9
62.7
63.3
63.9
64.5
64.9
65.0
65.6
67.0
68.2
66.9
66.9
67.9
68.2
69.1
70.3
71.0
71.3
71.0
71.6
73.0
74.1
72.8
73.0
74.0
75.1
76.0
76.6
77.6
77.7
77.8
78.5
79.6
81.0
79.6
79.8
80.6
81.7
82.4
83.1
84.5
84.6
85.0
85.7
87.2
89.0
87.3
87.6
88.7
89.6
90.6
91.6
92.6
92.9
93.5
94.3
96.0
98.0
96.1
96.2
97.2
98.4
99.3
100.5
101.9
102.6
103.1
103.8
105.2
106.9
105.1
105.4
106.5
107.3
108.5
109.7
111.3
112.2
112.2
113.3
115.7
117.4
114.5
114.7
115.8
117.3
118.3
118.9
120.4
120.5
119.9
120.4
122.1
124.6
122.3
122.2
123.2
125.0
126.6
127.7
129.2
129.6
129.6
130.7
132.2
134.8
132.5
133.2
135.0
137.0
138.6
140.1
141.8
142.0
142.5
143.8
146.0
148.6
146.1
146.2
147.7
149.4
150.7
152.7
154.0
154.2
154.1
154.3
156.3
158.4
155.5
155.9
157.3
158.6
160.6
162.5
164.0
165.0
164.7
165.5
167.8
170.1
167.1
167.4
169.3
170.7
172.9
174.4
176.0
176.8
176.3
177.6
180.0
182.9
180.6
181.3
182.7
184.6
186.8
188.4
190.3
190.7
190.7
192.4
195.7
199.1
196.8
196.9
198.9
201.4
203.4
205.5
207.8
207.7
207.8
208.8
211.1
214.6
211.5
211.7
213.7
215.0
216.5
218.2
219.5
219.0
218.4
218.7
220.8
225.0
222.5
223.9
226.7
229.2
231.4
234.4
236.8
238.9
240.5
242.3
245.2
249.0
249.1
252.1
255.0
255.5
256.8
258.5
260.3
261.5
261.2
262.7
265.8
269.5
267.3
269.0
270.6
272.9
275.2
276.8
280.3
282.5
284.2
286.6
289.6
294.5
293.1
294.9
297.5
300.9
303.9
306.8
310.4
312.2
314.2
316.8
319.2
324.3
323.4
326.8
330.1
333.9
336.7
340.2
344.8
345.7
347.0
349.5
353.2
357.6
355.9
357.1
361.4
365.6
367.9
368.2
369.1
369.0
369.3
370.0
371.7
376.3
371.8
371.0
374.4
376.0
377.7
380.6
383.8
385.9
386.8
388.9
392.9
398.0
395.6
397.6
401.0
403.4
406.2
408.5
411.3
413.4
414.2
417.3
422.4
429.0
426.4
429.0
431.6
433.8
436.2
438.4
442.8
444.5
448.5
452.7
457.6
464.3
462.5
466.6
471.4
475.9
480.0
483.2
487.7
490.0
492.9
498.3
505.5
522.1
523.6
517.4
517.1
518.3
519.2
521.0
523.0
522.2
522.9
524.7
528.2
535.6
532.6
536.3
539.7
542.9
546.0
549.0
554.7
562.0
566.3
569.9
575.6
585.2
585.0
591.1
596.1
599.7
605.3
610.6
615.6
616.6
616.3
618.1
622.9
630.3
628.6
635.0
639.8
643.2
646.4
647.6
648.5
650.2
650.5
655.4
659.9
666.7
662.3
665.6
667.3
670.0
673.7
678.0
685.7
686.0
687.9
691.7
697.4
702.4
697.3
700.7
702.7
704.0
705.2
708.5
711.4
712.2
714.3
715.7
720.3
728.9
727.2
733.6
736.8
738.6
741.9
741.1
741.1
740.4
739.5
740.7
746.0
754.5
748.4
750.7
752.9
754.2
756.0
756.5
758.3
757.3
756.7
759.6
762.2
763.8
755.4
758.7
761.9
759.7
763.9
768.8
774.8
775.4