498.8
433.1
521.5
617.2
594.6
588.6
502.2
557.8
448.7
564.1
547.9
553.0
628.0
418.3
509.5
441.6
406.6
420.8
435.0
410.6
354.5
436.8
438.5
508.6
479.5
348.8
499.6
471.2
443.7
505.7
480.2
444.4
432.5
492.0
552.3
550.3
534.5
454.7
590.3
584.7
604.6
674.8
637.6
664.6
639.7
616.9
575.9
780.5
777.0
787.2
895.2
891.6
774.6
795.8
956.6
852.1
720.8
851.3
925.5
910.8
884.9
696.8
877.4
1003.9
958.8
1024.6
961.6
1045.0
786.8
819.3
1036.9
1090.0
1006.2
1009.0
1162.9
1118.9
1134.1
1007.3
1067.0
936.2
846.1
862.6
877.2
896.8
994.8
757.1
971.1
1011.9
971.5
919.6
950.7
988.1
790.1
972.5
998.8
1055.9
1087.4
874.9
1003.3
944.8
1221.1
1090.5
957.1
1025.4
872.9
981.1
949.0
967.2
989.2
887.4
1064.5
1044.6
1011.7
1114.2
1044.4
1126.9
887.6
1215.6
1222.9
1086.3
2629.1
1197.1
1589.7
1570.0
1356.1
1247.1
1423.8
1270.4
1593.7
1316.5
1467.5
1325.8
1836.8
1426.5
1774.6
1690.0
1656.4
1680.6
1480.1
1488.4
1807.5
1511.9
1851.3
2035.1
1988.8
1897.0
2163.8
2030.7
2131.0
2058.8
2334.5
2064.5
1827.0
1944.2
2575.9
2107.6
1793.5
2088.2
2582.3
2341.2
2353.1
2331.7
2244.9
2109.7
1889.8
2306.7
2482.1
2546.2
2067.5
2110.4
2508.2
2152.9
2128.9
2238.4
2077.2
1905.7
2090.6
2139.7
2293.4
2649.1
1960.5
1894.6
2337.0
2082.0
2081.0
2032.3
2113.6
2057.0
1848.2
2256.9
2108.8
2060.4
2191.3
2112.0
2645.4
2371.7
2377.1
2236.6
2517.5
2492.2
2022.7
2555.0
2341.2
2299.3
2141.5
2164.7
2302.5
2285.8
2193.2
1919.4
2144.9
1988.8
1964.9
2445.2
2190.5
2395.0
1996.2
2027.2
2382.9
2487.3
2294.1
2345.1
2440.4
2353.9
2320.7
2803.7
2646.8
2722.1
1944.2
2202.2
2555.1
2330.0
2344.2
2428.9
2433.2
2241.9
2291.4
2559.1
2598.6
2633.2
2070.6
2259.9
2744.2
2541.5
2804.2
2684.0
2771.8
2632.2
2454.3
2783.1
2935.7
3062.8
2688.7
2575.7
3005.5
3245.5
3116.1
3305.6
3632.5
2991.6
2665.3
2937.0
3160.5
3519.9
2913.6
2856.6
3311.8
3225.2
3422.8
2969.5
3613.2
3267.6
2957.8
3448.0
3404.3
3554.5
3082.0
3233.6
3772.0
3820.0
3734.7
3485.7
3770.8
3353.7
3199.0
3883.2
3667.3
4119.4
3290.9
3509.8
4692.1
4315.4
4046.9
4022.3
4290.5
4029.9
3759.2
4643.3
4323.2
4918.4
3550.9
4052.9
4851.7
4471.2
4547.7
4755.6
4987.0
4569.4
4314.9
4852.6
5085.1
5189.3
4206.7
4473.6
5409.5
5018.0
4829.0
4643.7
4939.5
5295.1
4709.8
5161.6
4960.5
4865.9
4875.0
4846.0
5344.8
5377.7
5219.3
4783.2
5422.7
5055.2
4147.3
5037.2
4581.6
4386.6
4194.7
4635.7
5254.7
5184.6
4900.2
4619.5
5796.1
5107.5
4913.8
5992.8
5750.4
6155.7
4876.7
4860.3
6271.0
5942.6
5883.2
5736.4
5784.8
5135.0
5015.5
6060.0
6046.0
6501.2
5013.1
5988.4
6790.9
6621.3
6615.7
6064.5
6705.1
6487.8
5994.4
7033.9
6958.7
6992.0
5955.9
6378.3
7382.5
6941.3
7382.0
7052.2
7206.5
7423.6
6445.2
7538.8
7564.4
7480.3
6610.8
6879.7
8059.0
7745.0
7412.0
7401.6
7405.7
7687.4
6755.3
7383.2
7819.4
7922.9
6853.5
6991.0
8351.8
7858.3
7702.6
7734.2
8384.6
8480.1
7205.4
8486.8
8114.5
8001.3
6965.6
8026.1
9123.4
9199.3
8367.6
8940.3
9374.8