6.6
6.3
6.1
6.1
6.0
5.9
5.7
5.6
5.6
5.7
5.7
5.7
5.4
5.2
5.3
5.3
5.5
5.5
5.5
5.5
5.5
5.6
5.7
5.8
5.6
5.4
5.6
5.5
5.6
5.8
5.7
5.7
5.7
6.0
6.2
6.8
6.5
6.6
6.9
7.3
7.6
7.8
7.9
8.2
8.6
9.0
9.4
9.8
9.8
9.8
10.1
10.5
11.0
11.2
11.3
11.5
11.8
12.3
12.8
13.3
13.2
13.2
13.6
14.1
14.5
14.8
14.9
15.1
15.5
15.8
15.9
16.3
15.9
15.7
15.7
16.2
16.6
16.9
17.0
17.3
17.8
18.3
18.8
19.4
19.1
19.0
19.3
19.8
20.6
21.2
22.0
22.7
23.3
23.6
23.7
23.9
23.8
23.6
23.7
23.6
23.9
23.9
23.6
23.9
24.2
24.6
25.0
25.4
24.8
24.7
24.6
25.1
26.1
26.9
27.1
27.5
28.0
28.8
29.5
30.5
30.5
30.3
30.9
31.6
32.4
32.7
32.7
33.1
33.4
33.8
34.0
34.6
34.1
33.1
32.7
33.2
33.7
34.0
34.0
34.0
34.2
34.6
35.0
36.0
35.4
35.3
35.7
36.7
37.7
38.8
39.0
39.8
40.5
41.1
41.8
42.9
42.2
41.9
42.3
42.8
43.8
44.3
44.1
44.6
45.0
45.1
45.8
46.6
45.8
45.4
45.2
45.9
46.8
47.2
47.3
47.8
48.0
48.1
48.4
49.2
48.4
47.5
46.8
47.0
47.5
47.7
47.5
47.8
47.9
48.0
48.4
49.5
49.1
48.9
49.0
49.8
50.9
51.9
52.3
53.2
53.9
54.6
55.2
57.2
56.1
55.6
55.8
57.0
57.9
58.6
58.8
59.2
59.6
59.8
60.3
61.2
60.8
59.5
59.3
59.4
60.1
60.6
60.4
60.9
61.1
61.3
62.1
63.4
62.3
61.8
62.0
63.2
64.6
65.4
65.6
66.4
66.6
67.2
68.0
69.3
68.6
68.5
68.9
70.2
71.3
72.2
72.9
73.9
74.4
75.2
76.0
77.9
77.4
77.3
78.0
79.3
80.8
81.8
82.5
83.4
84.1
84.7
85.3
87.4
87.1
87.0
87.6
89.3
90.8
92.2
92.9
93.8
94.4
95.0
95.8
97.5
96.9
96.6
97.1
98.0
99.2
100.2
100.3
101.1
101.0
101.2
101.8
103.4
102.1
101.1
101.3
102.1
102.9
104.1
104.3
105.2
105.5
105.8
106.8
108.6
105.3
105.3
105.8
107.2
108.5
109.8
110.7
111.6
112.4
113.7
114.8
117.2
115.9
115.9
116.5
118.1
119.5
121.0
121.3
122.1
122.7
123.2
123.8
125.5
123.9
123.0
122.7
123.3
123.9
125.2
125.6
126.2
126.8
126.9
126.6
128.5
126.7
126.3
126.7
128.3
129.7
131.3
132.1
133.9
135.3
136.3
138.2
140.7
139.2
139.3
140.6
142.5
145.1
147.6
148.3
150.6
152.3
153.8
155.8
159.1
159.5
160.3
161.9
164.2
167.4
170.2
171.7
174.6
175.8
177.7
179.4
181.3
179.4
179.1
179.1
181.0
183.0
184.6
185.6
187.6
188.1
187.9
187.4
188.2
185.1
183.8
182.7
183.2
184.2
182.5
183.8
185.4
186.9
187.9
188.8
192.0
190.1
189.6
190.5
193.4
195.4
198.3
199.9
202.2
204.7
206.8
208.4
211.8
194.0
195.0
197.7
201.3
205.0
209.1
211.8
215.6
218.4
221.8
224.2
225.6
224.6
225.4
228.9
233.1
238.4
244.6
247.5
252.3
255.4
257.3
260.2
263.0
263.0
264.1
267.0
270.8
275.0
278.8
282.0
286.5
290.3
292.9
294.9
297.7
295.5
295.3
295.5
294.8
293.1
292.8
292.9
294.9
296.5
297.5
297.5
299.5
296.6
295.8
298.0
299.8
301.9
303.8
305.4
307.5
312.1
311.9
312.6
313.1
313.1
311.8
312.6
314.1
316.1
318.3
318.0
319.7
322.0
321.6
322.7
326.3
324.2
322.4
325.2
327.5
329.6
334.5
338.0
343.2
347.4
351.1
355.0
361.1
361.7
367.4
369.9
374.8
383.6
391.4
397.0
403.8
407.9
411.6
414.3
420.3
419.7
422.7
429.3
435.6
442.7
448.4
453.8
459.8
468.4
471.9
474.6
479.0
477.0
477.2
478.2
483.7
490.0
494.8
499.6
504.8
513.6
519.0
516.6
517.5
510.8
505.8
503.0
507.2
508.9
511.9
515.0
521.0
524.3
527.0
529.3
529.0
526.9
526.8
528.4
533.4
536.8
538.8
541.5
548.1
549.5
549.7
549.0
550.7
563.4
562.4
564.7
568.5
571.4
573.7
575.8
579.4
582.1
583.5
584.7
587.0
584.9
580.3
577.4
576.2
573.5
575.2
575.9
578.3
578.6
578.9
576.2
573.5
569.4
563.4
558.3
556.5
553.8
551.6
548.5
547.5
544.7
539.5
537.2
538.5
535.4
531.8
529.6
527.4
525.7
524.5
525.2
528.8
529.8
526.8
529.1
532.5
530.3
528.7
525.5
530.1
527.8
531.8
533.2
539.1
544.4
548.9
552.0
561.2
561.3
562.1
567.5
573.0
579.8
587.3
589.2
598.8
611.3
619.5
621.3
638.0
640.0
636.3
643.0
650.3
654.6
661.4
667.0
674.5
682.5
684.9
698.4
703.2
702.8
702.3
706.0
711.6
715.1
724.9
732.1
741.0
745.1
746.1
747.6
749.5
749.1
746.2
748.5
757.3
758.8
764.1
766.6
773.7
778.1
782.3
781.0
788.6
785.6
783.6
788.6
793.8
796.9
807.9
817.4
825.1
833.6
837.8
841.7
843.6
851.6
855.1
863.1
865.4
874.2
878.6
887.2
902.1
907.8
913.1
920.0
926.2
931.4
932.2
937.0
940.2
946.9
964.8
978.1
996.3
1009.2
1020.2
1029.8
1039.0
1051.0
1050.1
1055.6
1062.3
1068.3
1075.2
1083.9
1099.6
1108.4
1127.3
1145.9
1156.0
1160.8
1165.9
1171.7
1174.4
1181.9
1188.0
1197.6
1208.1
1213.3
1219.1
1222.6
1230.7
1243.0
1240.0
1239.9
1246.9
1257.6
1258.9
1265.7
1280.8
1294.8
1305.0
1303.6
1312.5
1327.5
1322.3
1327.9
1331.7
1337.6
1340.2
1344.7
1359.9
1372.2
1386.1
1389.4
1395.7
1402.3
1406.7
1411.1
1415.5
1417.4
1424.5
1435.4
1454.0
1459.7
1462.4
1461.1
1463.9
1477.4
1470.6
1466.7
1468.8
1474.4
1474.4
1483.6
1501.8
1509.0
1507.9
1513.2
1515.9
1527.7
1522.2
1524.5
1525.1
1533.7
1536.6
1547.2
1572.7
1584.2
1582.4
1586.1
1584.7
1596.4
1590.0
1591.8
1598.6
1600.1
1604.9
1609.0