5.9
5.7
5.6
5.6
5.6
5.5
5.3
5.2
5.3
5.4
5.4
5.3
5.0
4.9
4.9
5.0
5.1
5.2
5.1
5.1
5.1
5.2
5.3
5.4
5.2
5.1
5.2
5.2
5.3
5.4
5.3
5.3
5.3
5.6
5.8
6.4
6.0
6.1
6.4
6.7
7.0
7.1
7.2
7.5
7.8
8.1
8.5
8.8
8.7
8.7
8.9
9.2
9.6
9.7
9.7
9.9
10.2
10.6
11.0
11.4
11.3
11.2
11.4
11.7
12.1
12.3
12.3
12.4
12.7
12.9
13.0
13.4
13.0
12.7
12.6
12.9
13.1
13.3
13.1
13.3
13.6
14.0
14.4
14.9
14.5
14.3
14.5
14.9
15.4
15.8
16.2
16.7
17.1
17.4
17.6
17.9
17.9
17.8
17.9
17.8
18.0
18.0
17.7
17.8
18.1
18.5
19.0
19.4
19.0
18.9
18.8
19.2
19.9
20.3
20.3
20.6
21.0
21.6
22.1
22.9
22.7
22.4
22.6
23.0
23.5
23.6
23.4
23.5
23.7
24.1
24.3
24.9
24.6
23.8
23.5
23.9
24.3
24.5
24.4
24.3
24.5
24.9
25.4
26.2
25.6
25.4
25.3
25.9
26.5
27.0
26.8
27.1
27.5
27.8
28.5
29.5
28.7
28.3
28.5
28.9
29.7
30.0
29.7
30.1
30.4
30.6
31.4
32.1
31.3
31.0
30.7
31.2
32.0
32.2
32.1
32.4
32.5
32.5
32.9
33.7
33.1
32.4
31.9
32.2
32.8
33.0
32.9
33.1
33.5
33.7
34.2
35.2
34.8
34.5
34.5
35.0
35.8
36.4
36.5
37.0
37.5
37.9
38.5
40.6
39.5
38.9
38.8
39.7
40.3
40.8
40.8
41.0
41.4
41.7
42.1
43.2
42.9
41.9
41.8
41.9
42.6
42.9
42.8
43.2
43.6
43.8
44.6
45.8
44.8
44.2
44.3
45.2
46.1
46.6
46.5
47.0
47.3
47.6
48.2
49.4
48.6
48.3
48.6
49.4
50.1
50.5
50.8
51.6
52.1
52.7
53.2
55.0
54.5
54.3
54.7
55.5
56.6
57.1
57.4
58.0
58.7
59.0
59.7
61.5
61.3
61.0
61.3
62.5
63.5
64.3
64.5
64.9
65.5
65.9
66.6
68.1
67.7
67.3
67.6
68.2
69.0
69.7
69.5
70.1
70.2
70.3
70.9
72.4
71.3
70.6
70.8
71.4
72.0
72.9
73.0
73.7
74.3
74.6
75.6
77.4
74.4
74.3
74.6
75.6
76.4
77.2
77.5
78.0
78.8
79.8
80.6
82.9
81.6
81.5
82.0
83.0
83.9
84.7
84.8
85.5
86.0
86.2
86.8
88.6
87.3
86.7
86.6
87.0
87.6
88.6
88.8
89.2
89.8
89.9
89.9
92.2
90.7
90.2
90.3
91.4
92.2
93.1
93.4
94.8
95.9
96.5
97.8
100.2
97.2
97.1
97.9
99.1
100.8
102.2
102.5
104.1
105.5
106.6
108.2
111.2
111.6
112.1
113.0
114.6
116.8
118.6
119.4
121.4
122.4
123.9
125.3
127.5
126.2
126.1
126.3
127.9
129.5
130.4
130.8
132.1
132.5
132.5
132.4
134.0
131.5
130.3
129.6
130.1
131.0
128.6
128.9
130.0
131.0
131.5
132.1
135.0
133.1
132.1
132.1
133.9
134.7
136.0
136.5
137.8
139.4
140.1
141.3
145.0
127.1
127.4
128.5
130.6
132.7
134.8
135.9
137.9
139.4
140.5
141.8
144.2
142.8
143.0
144.8
147.1
149.9
153.3
154.3
156.9
158.9
159.8
161.4
163.4
162.7
162.7
163.8
165.9
168.0
170.0
172.2
175.2
177.6
179.6
181.2
183.8
181.2
180.6
180.4
179.8
178.5
178.8
179.2
180.4
181.9
182.6
182.7
184.9
182.9
181.8
181.9
182.9
184.2
184.8
185.2
185.3
187.7
187.2
188.0
188.5
188.9
187.7
187.7
188.1
188.7
189.4
189.0
190.1
191.2
191.2
191.1
192.4
192.5
190.9
192.0
193.1
193.6
195.8
196.8
198.6
201.2
203.3
205.7
210.3
209.7
212.3
213.9
216.2
220.6
224.4
226.3
229.9
232.1
234.0
235.1
239.4
237.6
239.0
241.4
243.7
246.4
248.3
250.5
253.7
254.9
255.0
256.9
260.5
257.9
256.8
256.3
258.3
260.0
259.9
259.7
261.0
261.0
262.1
260.7
261.4
256.3
252.1
248.3
249.8
249.4
248.2
247.6
249.7
248.7
250.9
253.3
252.4
250.0
248.5
247.5
250.2
251.0
249.2
249.9
251.6
250.7
251.0
249.9
252.1
263.0
262.8
265.7
267.7
268.4
269.1
270.8
271.6
273.9
274.1
276.0
280.1
278.8
275.1
273.1
271.9
268.1
268.3
268.5
270.6
270.5
271.8
271.1
270.3
269.2
266.0
262.8
263.3
263.2
261.9
260.5
259.4
256.6
251.8
252.4
253.2
249.0
247.6
245.4
243.4
242.0
242.0
241.7
242.6
242.0
240.2
242.9
242.3
243.4
239.3
235.4
238.8
234.0
234.5
233.2
234.6
236.4
235.4
237.3
244.2
244.2
244.2
245.3
246.6
248.1
249.7
250.1
253.0
258.4
263.6
261.8
270.5
272.4
267.2
270.9
276.5
276.4
279.1
279.7
281.5
285.0
282.1
290.1
291.6
291.5
288.7
287.9
290.3
288.5
290.7
291.7
296.5
296.9
293.6
294.3
293.1
294.3
292.0
293.7
297.8
295.9
294.0
290.6
294.3
293.6
291.5
290.5
291.3
288.9
286.8
286.4
289.6
289.2
292.0
295.2
296.0
298.0
298.5
298.7
294.2
296.8
296.1
296.2
297.2