23.1
24.6
24.9
26.2
26.3
26.8
28.7
29.3
30.0
30.6
31.4
32.0
32.2
32.2
31.5
32.3
33.1
34.0
33.9
33.9
34.0
34.0
33.8
34.7
34.7
33.2
33.4
33.8
34.0
34.4
35.0
35.4
35.4
37.7
39.0
38.0
37.2
39.3
39.3
39.7
40.3
40.2
40.3
40.8
41.2
41.4
42.1
42.7
42.8
42.9
43.6
44.4
44.7
45.3
45.8
45.9
46.4
46.6
47.0
47.5
48.1
48.9
49.5
49.8
51.6
53.3
54.6
56.3
59.5
60.8
62.0
64.1
67.2
68.4
68.9
70.3
71.2
72.0
72.8
74.4
75.4
76.6
78.9
81.4
86.8
97.6
98.0
98.6
99.6
99.0
99.0
98.1
99.3
98.2
98.7
99.9
100.0
99.4
98.4
97.1
97.8
98.8
99.7
100.0
100.9
101.8
103.5
102.5
101.3
99.8
100.0
99.0
98.7
98.7
98.1
98.0
98.3
97.3
97.5
97.7
98.1
98.1
97.3
97.7
98.1
98.3
98.6
99.2
98.4
98.2
97.1
96.5
94.5
94.1
93.1
93.5
94.9
94.1
93.9
92.7
92.7
92.7
92.0
91.8
91.4
82.7
76.7
72.0
71.2
70.4
66.0
64.9
66.6
66.7
67.0
66.5
72.1
72.9
73.6
74.1
74.5
75.6
77.8
78.9
76.7
75.4
74.7
73.6
70.8
70.4
68.7
70.6
71.4
70.0
67.3
66.1
64.7
63.3
62.9
66.6
71.2
72.0
73.5
77.3
78.3
77.5
78.9
73.5
76.1
76.6
76.9
78.5
82.3
82.6
78.6
73.1
74.5
69.4
69.7
87.2
98.5
117.0
104.1
93.5
97.6
83.1
77.0
76.7
79.2
77.1
78.3
79.0
77.0
80.6
81.2
78.0
74.4
75.5
72.2
75.0
77.4
80.1
81.0
79.7
83.8
82.9
83.8
79.8
78.6
77.5
77.7
78.0
81.3
80.9
75.0
73.6
74.5
79.4
74.4
70.0
72.9
68.3
71.7
72.5
73.4
75.2
75.3
75.6
71.3
70.2
69.3
69.9
69.8
69.6
69.1
72.0
72.4
71.5
68.2
65.6
67.4
66.9
68.3
72.5
78.1
82.7
80.6
87.3
83.3
77.6
81.8
83.8
81.0
82.7
91.9
109.6
119.4
98.0
77.1
76.4
80.8
79.2
79.1
79.7
83.2
92.8
97.1
84.3
74.9
71.7
69.6
72.7
72.7
66.9
70.9
64.5
62.2
65.6
66.9
64.2
61.0
58.8
60.5
68.1
77.1
77.1
80.4
87.3
95.4
88.7
98.9
87.9
92.0
100.2
102.5
97.9
106.5
130.6
127.6
122.4
136.7
144.8
140.9
163.1
214.8
165.3
142.1
145.1
140.5
118.3
103.6
103.1
91.8
75.4
90.4
76.8
82.8
76.9
89.9
107.3
108.3
97.8
98.1
101.2
105.9
111.3
120.0
124.0
140.1
153.9
200.2
138.8
141.4
156.2
148.7
139.7
138.2
134.3
132.5
141.8
163.5
158.9
153.0
158.8
172.1
180.0
177.9
181.9
166.6
181.8
208.3
192.7
183.9
186.6
199.7
212.6
203.1
202.1
224.0
237.5
278.2
308.6
298.0
274.0
274.5
233.6
223.6
231.6
233.5
216.9
224.7
240.2
218.1
174.3
220.5
230.9
195.9
223.9
224.7
226.5
233.0
238.0
236.8
221.7
219.9
237.7
267.1
268.3
273.6
291.7
325.4
346.1
389.0
409.7
437.9
352.7