17.1
17.2
17.4
17.5
17.7
18.0
18.6
19.0
19.1
19.7
20.6
21.2
21.8
22.0
22.3
22.4
22.3
22.4
22.5
22.8
23.1
23.3
23.6
23.9
24.3
24.1
24.1
24.3
24.3
24.4
24.6
24.9
25.0
25.0
25.1
25.1
24.9
24.7
24.6
24.3
24.0
23.8
23.7
23.8
23.8
23.8
23.8
23.8
23.9
24.0
24.0
24.0
24.1
24.3
24.7
25.2
25.7
26.2
26.5
27.2
27.7
27.9
27.9
27.9
27.8
27.7
27.5
27.3
27.3
27.2
27.2
27.2
27.2
27.2
27.1
27.0
26.9
26.8
26.7
26.9
26.9
26.9
26.8
26.9
26.9
26.9
27.0
26.9
27.0
27.1
27.3
27.3
27.3
27.2
27.2
27.2
27.2
27.2
27.2
27.2
27.2
27.2
27.2
27.2
27.2
27.2
27.3
27.3
27.4
27.5
27.5
27.5
27.5
27.5
27.7
28.0
28.2
28.3
28.4
28.5
28.7
28.7
28.8
28.9
28.9
28.9
28.9
29.1
29.3
29.4
29.6
29.7
29.8
29.8
29.8
29.8
29.8
29.8
29.9
30.0
30.0
29.9
29.9
30.0
30.0
29.9
29.9
29.8
29.8
29.8
29.9
30.0
30.0
30.1
30.2
30.3
30.3
30.4
30.5
30.5
30.5
30.5
30.5
30.5
30.5
30.5
30.6
30.6
30.6
30.6
30.6
30.6
30.5
30.5
30.5
30.5
30.4
30.5
30.4
30.4
30.5
30.5
30.5
30.5
30.4
30.3
30.3
30.3
30.3
30.3
30.3
30.4
30.4
30.4
30.4
30.4
30.4
30.3
30.4
30.3
30.4
30.3
30.3
30.3
30.3
30.3
30.3
30.2
30.3
30.3
30.4
30.4
30.3
30.4
30.4
30.5
30.5
30.5
30.5
30.5
30.5
30.4
30.5
30.5
30.5
30.6
30.6
30.7
30.7
30.7
30.7
30.7
30.8
30.9
30.9
30.9
30.9
31.0
31.1
31.1
31.2
31.3
31.3
31.4
31.5
31.6
31.7
31.7
31.7
31.7
31.8
31.8
31.9
31.9
31.9
31.9
31.9
31.9
31.9
32.0
32.1
32.2
32.3
32.4
32.5
32.7
32.7
32.8
32.8
32.8
32.8
32.8
32.9
33.1
33.1
33.2
33.4
33.6
33.7
33.8
33.8
33.8
33.8
34.0
34.1
34.3
34.4
34.5
34.7
34.8
34.8
35.0
35.1
35.2
35.3
35.3
35.4
35.6
35.6
35.8
35.9
36.0
36.2
36.3
36.4
36.5
36.7
36.9
36.9
36.9
36.8
37.0
37.1
37.3
37.4
37.5
37.7
37.8
37.8
37.9
38.0
38.0
38.1
38.2
38.4
38.8
39.3
39.8
40.1
40.3
40.4
40.6
40.8
41.1
41.7
42.3
43.3
44.2
45.6
46.9
48.2
49.2
50.5
51.7
52.1
52.8
53.1
53.2
53.6
53.9
54.1
54.3
54.5
54.6
54.8
55.1
55.4
56.0
56.1
56.4
56.8
57.0
57.3
57.7
57.8
58.1
58.5
58.9
59.2
59.7
59.9
60.0
60.3
60.9
61.4
61.9
62.2
62.3
62.7
63.1
63.3
63.7
63.8
64.1
64.6
65.0
65.4
66.0
66.4
66.8
67.3
67.7
68.0
68.7
69.2
69.6
70.5
71.3
72.2
73.3
74.2
74.9
76.1
77.0
78.2
79.7
80.3
81.1
83.4
85.1
86.0
86.9
87.1
87.6
88.4
89.1
89.3
90.3
90.7
91.8
93.3
94.7
95.9
97.2
97.6
97.7
98.1
98.4
98.4
99.0
99.0
99.3
99.8
99.8
99.6
99.2
99.1
99.5
100.2
100.3
100.1
100.6
100.9
100.9
100.5
100.5
100.4
100.0
100.4
100.9
101.4
101.6
101.5
102.0
101.9
102.0
102.2
102.7
103.1
103.3
103.5
103.7
103.7
103.5
103.2
103.6
103.7
103.4
103.4
103.2
103.3
103.7
104.2
104.0
103.9
103.7
103.2
103.8
104.0
104.1
103.7
102.1
100.5
99.8
99.8
99.8
98.8
98.6
98.8
99.1
99.2
99.2
100.4
100.8
101.1
101.6
101.9
102.4
103.1
103.7
103.5
104.0
104.2
104.2
104.4
104.6
104.7
105.6
106.1
106.4
106.8
107.0
106.8
107.1
107.5
108.1
109.6
110.1
110.5
111.8
112.4
112.4
112.2
111.4
111.9
112.4
112.1
112.3
114.1
113.6
113.2
113.2
113.5
113.2
113.4
115.9
118.4
121.4
120.7
119.0
119.3
117.2
115.7
115.6
116.1
116.1
116.0
116.3
116.3
116.7
116.7
116.1
115.7
116.0
115.9
116.4
117.3
118.2
118.3
118.1
118.5
118.6
118.3
117.9
118.3
118.7
119.0
119.4
119.7
119.9
119.4
118.8
118.8
119.4
118.8
118.1
118.7
118.8
119.2
119.4
119.8
120.7
121.2
121.9
121.7
121.8
122.4
122.6
123.7
124.4
124.7
125.6
126.3
126.6
126.2
126.0
125.8
125.7
125.4
125.8
126.4
126.3
126.4
127.3
127.5
127.1
127.0
127.3
127.4
127.5
128.0
129.3
130.3
128.9
127.1
126.7
127.0
127.2
127.0
127.3
127.7
128.1
128.2
127.0
125.9
125.3
125.0
125.3
125.5
125.1
125.3
124.5
124.1
124.2
123.8
123.3
123.1
122.7
123.1
124.6
125.6
126.1
127.0
128.1
129.3
129.0
129.8
129.4
130.0
131.5
132.6
132.2
133.0
135.9
135.9
135.2
137.3
137.8
137.3
138.5
142.9
139.7
137.7
138.2
138.6
137.1
134.5
134.3
134.3
131.1
130.9
129.1
129.4
129.1
130.5
132.4
132.3
132.4
132.6
132.8
133.7
134.8
134.7
134.4
136.7
139.3
143.6
138.2
137.8
139.2
139.1
139.1
139.1
139.2
138.8
139.5
142.2
142.8
143.3
144.8
146.5
147.3
148.2
149.3
149.1
151.8
153.5
152.0
152.7
153.6
155.6
157.2
156.3
156.6
159.1
160.8
166.0
170.6
167.6
166.5
168.3
165.7
166.3
168.8
170.6
170.6
171.3
172.4
169.2
165.4
168.0
168.9
166.8
169.1
171.6
173.9
176.0
176.4
177.9
174.9
175.6
176.9
181.8
180.7
182.8
184.6
190.2
193.8
199.9
204.2
209.6
203.5