1.4
1.4
1.4
1.5
1.5
1.6
1.6
1.7
1.8
1.9
1.9
2.1
2.3
2.3
2.3
2.5
2.6
2.7
2.8
2.9
3.1
3.2
3.3
3.7
3.9
4.0
4.0
4.1
4.1
4.2
4.3
4.4
4.6
4.7
4.8
5.1
7.5
7.5
7.4
7.5
7.6
7.6
7.8
7.9
8.1
8.1
8.1
8.5
8.5
8.3
8.3
8.4
8.5
8.7
8.8
9.1
9.3
9.2
9.2
9.7
9.8
9.7
9.6
9.7
9.9
10.2
10.4
10.8
10.9
10.9
11.1
11.7
11.8
11.6
11.3
11.5
11.8
12.1
12.5
13.0
13.2
13.2
13.3
13.7
13.8
13.6
13.2
13.3
13.3
13.4
13.7
14.1
14.3
14.3
14.3
15.0
15.1
14.8
14.5
14.6
14.7
14.9
15.3
15.7
16.0
16.1
16.2
17.2
32.2
31.6
31.4
31.9
32.4
32.9
33.3
34.0
34.6
35.0
36.0
39.3
38.8
38.1
38.0
38.4
39.0
39.9
40.5
41.6
42.6
43.0
44.2
48.3
47.8
47.1
46.8
47.2
47.9
48.5
48.9
50.3
51.2
51.9
53.3
56.9
56.2
55.2
54.1
53.5
53.0
52.9
52.8
53.6
53.8
53.6
54.2
58.5
57.7
56.4
55.9
56.4
56.7
57.8
57.9
58.6
59.8
60.0
60.6
64.8
63.4
61.7
61.0
61.4
61.6
62.6
63.3
64.2
64.8
64.9
65.6
70.5
68.9
66.8
66.7
67.4
67.7
69.4
70.5
71.9
73.2
74.5
76.7
83.8
81.5
80.6
82.1
83.3
85.7
88.4
89.2
91.6
93.9
95.4
98.1
106.3
105.7
105.2
106.7
108.8
109.6
111.2
112.7
115.0
117.5
119.2
122.7
131.6
130.3
128.6
128.6
130.6
131.9
133.1
134.0
135.7
136.3
137.7
140.3
148.9
144.5
142.3
141.3
143.9
145.5
148.4
150.7
152.8
155.4
156.7
158.5
169.6
168.3
165.7
165.4
167.2
168.6
171.4
172.2
174.8
176.4
178.4
183.7
194.5
189.6
187.3
188.5
190.8
192.7
195.9
197.4
200.8
202.1
203.5
208.4
222.3
217.9
216.1
214.9
217.0
220.5
223.5
227.1
231.2
233.7
234.7
240.2
250.9
243.4
241.8
243.9
245.6
247.9
249.7
250.9
254.6
257.8
260.0
263.9
277.1
270.4
266.0
263.7
264.5
265.5
267.8
267.7
270.6
272.2
274.0
276.8
292.3
286.2
283.1
281.8
283.5
285.1
286.9
290.8
294.6
298.3
300.5
308.1
325.0
318.1
315.0
316.4
321.0
325.4
331.2
335.9
345.6
348.6
351.5
364.5
383.2
378.4
377.8
381.6
385.1
393.8
401.8
404.3
415.1
427.1
432.0
439.1
464.9
455.6
454.5
456.2
461.7
467.9
471.7
476.1
482.1
484.7
489.0
499.3
524.4
515.2
510.4
505.7
507.9
511.8
513.9
517.8
523.9
527.7
531.1
536.7
555.5
543.8
538.0
535.5
557.3
556.4
559.9
556.6
563.8
567.1
570.8
573.0
597.7
590.3
585.0
579.3
583.4
585.7
593.0
596.5
602.0
604.1
606.3
612.0
627.5
620.4
617.1
616.8
624.0
629.9
636.9
641.4
653.5
657.9
665.6
676.2
702.2
693.2
696.9
694.2
703.6
705.6
709.0
704.6
707.2
707.3
706.2
717.9
736.0
722.5
714.0
712.7
723.9
727.1
732.3
733.8
741.7
741.6
744.8
751.3
769.2
756.4
752.8
749.9
757.6
760.6
761.0
759.9
765.5
766.2
766.0
770.3
791.9
782.3
773.5
770.0
770.8
773.7
775.8
781.4
786.3
791.2
794.3
801.3
823.7
815.5
802.8
792.9
801.7
800.5
806.1
806.2
814.2
816.8
816.4
827.9
850.0
836.9
826.6
817.8
824.0
832.0
841.3
844.8
854.8
857.9
861.4
878.1
902.3
887.4
878.2
875.0
880.6
889.9
896.7
903.4
916.4
921.0
927.2
944.6
969.5
957.9
948.8
943.4
948.6
953.9
959.7
963.3