146737
147456
159729
164085
170497
169060
170301
170764
165036
174107
171934
209425
153597
150502
170833
176882
182691
181942
184106
183735
177848
183158
187884
225121
161674
163203
192752
189957
195390
198406
193819
202863
194408
198444
203013
241721
175708
172518
201710
196468
210945
212305
203855
214727
202629
204518
212658
248088
185431
192849
212612
212224
227466
218015
218597
226551
209687
223135
224390
258604
200739
197913
225488
220694
234583
227785
231985
235759
223340
232874
228950
271933
208489
204442
230913
235066
245591
244607
241946
240941
231686
244700
241431
289520
218533
221097
254059
251292
262647
261477
262600
265655
254467
258614
264717
318411
236973
251181
280154
265005
284306
281888
271715
284494
269667
271387
276966
320481
251059
248078
280749
275160
296459
288475
279803
295561
262645
292443
288211
326934
256287
253760
285773
285110
300891
289456
296145
308042
273837
288219
291146
337470
268714
259408
293827
294374
312557
301279
310240
317350
294054
304326
301337
357704
281463
282445
319107
315278
328499
321151
328025
326280
313444
319639
324067
386918
292953
294743
338759
335357
345065
350614
351324
355231
332944
335849
343527
405326
318567
314313
362536
352657
374805
367919
363425
377184
347750
350536
358545
419493
331239
326042
377547
362087
395495
380587
376319
392108
357452
372495
381344
429953
346951
348876
378755
375400
405376
385737
391508
390393