6.6
6.3
6.1
6.1
6.0
5.9
5.7
5.6
5.6
5.7
5.7
5.7
5.4
5.2
5.3
5.3
5.5
5.5
5.5
5.5
5.5
5.6
5.7
5.8
5.6
5.4
5.6
5.5
5.6
5.8
5.7
5.7
5.7
6.0
6.2
6.8
6.5
6.6
6.9
7.3
7.6
7.8
7.9
8.2
8.6
9.0
9.4
9.8
9.8
9.8
10.1
10.5
11.0
11.2
11.3
11.5
11.8
12.3
12.8
13.3
13.2
13.2
13.6
14.1
14.5
14.8
14.9
15.1
15.5
15.8
15.9
16.3
15.9
15.7
15.7
16.2
16.6
16.9
17.0
17.3
17.8
18.3
18.8
19.4
19.1
19.0
19.3
19.8
20.6
21.2
22.0
22.7
23.3
23.6
23.7
23.9
23.8
23.6
23.7
23.6
23.9
23.9
23.6
23.9
24.2
24.6
25.0
25.4
24.8
24.7
24.6
25.1
26.1
26.9
27.1
27.5
28.0
28.8
29.5
30.5
30.5
30.3
30.9
31.6
32.4
32.7
32.7
33.1
33.4
33.8
34.0
34.6
34.1
33.1
32.7
33.2
33.7
34.0
34.0
34.0
34.2
34.6
35.0
36.0
35.4
35.3
35.7
36.7
37.7
38.8
39.0
39.8
40.5
41.1
41.8
42.9
42.2
41.9
42.3
42.8
43.8
44.3
44.1
44.6
45.0
45.1
45.8
46.6
45.8
45.4
45.2
45.9
46.8
47.2
47.3
47.8
48.0
48.1
48.4
49.2
48.4
47.5
46.8
47.0
47.5
47.7
47.5
47.8
47.9
48.0
48.4
49.5
49.1
48.9
49.0
49.8
50.9
51.9
52.3
53.2
53.9
54.6
55.2
57.2
56.1
55.6
55.8
57.0
57.9
58.6
58.8
59.2
59.6
59.8
60.3
61.2
60.8
59.5
59.3
59.4
60.1
60.6
60.4
60.9
61.1
61.3
62.1
63.4
62.3
61.8
62.0
63.2
64.6
65.4
65.6
66.4
66.6
67.2
68.0
69.3
68.6
68.5
68.9
70.2
71.3
72.2
72.9
73.9
74.4
75.2
76.0
77.9
77.4
77.3
78.0
79.3
80.8
81.8
82.5
83.4
84.1
84.7
85.3
87.4
87.1
87.0
87.6
89.3
90.8
92.2
92.9
93.8
94.4
95.0
95.8
97.5
96.9
96.6
97.1
98.0
99.2
100.2
100.3
101.1
101.0
101.2
101.8
103.4
102.1
101.1
101.3
102.1
102.9
104.1
104.3
105.2
105.5
105.8
106.8
108.6
106.7
106.7
107.3
108.7
110.0
111.4
112.3
113.3
114.2
115.6
116.7
119.3
118.1
118.2
118.9
120.5
122.1
123.7
124.1
125.1
125.8
126.5
127.1
129.2
127.8
126.9
126.7
127.3
128.1
129.4
129.9
130.7
131.4
131.6
131.4
133.7
134.3
133.8
134.1
135.8
137.3
138.9
139.9
141.8
143.5
144.4
146.3
149.2
147.7
147.7
148.8
150.9
153.5
156.2
157.2
159.7
161.5
163.0
165.0
168.8
169.3
170.0
171.5
174.0
177.3
180.4
182.2
185.4
186.7
188.7
190.5
193.0
191.2
190.6
190.5
192.5
194.8
196.8
198.1
200.5
201.2
201.1
200.7
201.9
198.9
197.4
195.9
196.5
197.6
195.9
197.5
199.5
201.2
202.2
203.1
207.0
205.3
204.4
204.9
208.1
210.1
213.1
215.2
217.9
220.7
222.9
224.7
229.0
226.2
226.6
229.2
233.2
237.4
242.0
245.1
249.6
253.0
256.8
260.2
264.9
263.4
263.6
267.0
271.5
277.4
284.5
288.1
293.9
298.0
300.3
304.4
311.3
310.8
311.1
313.8
318.1
322.9
327.3
330.9
336.8
341.5
344.8
348.1
354.6
351.7
350.5
349.7
348.3
346.1
345.6
345.8
348.5
350.3
351.1
351.6
358.0
354.3
352.2
353.9
356.1
358.6
361.6
363.4
366.1
371.9
372.0
373.2
377.9
376.6
373.5
373.5
375.5
377.7
380.9
381.3
383.9
386.8
386.6
388.2
396.7
393.1
389.2
391.9
395.0
397.2
403.8
408.5
415.1
420.6
425.6
431.7
444.9
443.2
448.0
452.0
458.0
469.3
479.8
486.2
495.5
501.8
507.0
512.4
526.6
525.4
527.9
536.0
544.4
552.3
559.6
566.5
574.8
585.9
591.1
597.3
610.6
607.4
605.8
606.8
614.4
621.9
627.9
633.6
640.5
649.9
656.7
656.9
666.4
655.3
648.1
644.3
651.1
654.4
660.3
665.7
673.7
679.6
683.7
687.8
698.6
695.2
692.5
693.7
700.6
705.4
710.1
713.7
722.9
725.8
728.1
732.7
745.2
753.0
749.7
753.2
759.3
764.1
769.6
773.2
780.2
784.2
787.0
793.2
809.3
802.8
796.3
792.3
793.3
794.0
798.7
803.0
809.5
812.3
813.6
816.4
824.4
812.7
805.2
802.2
802.2
801.6
801.3
799.4
802.1
802.5
799.5
801.1
815.6
805.8
797.8
793.4
791.9
791.2
792.3
792.9
799.4
801.9
800.8
805.8
824.8
816.4
811.7
807.3
813.6
812.9
818.7
824.0
833.7
842.7
849.4
860.2
886.2
879.4
877.1
883.9
894.0
905.2
918.6
925.1
944.4
960.0
971.0
985.9
1021.2
1018.4
1014.1
1024.5
1035.4
1048.3
1063.1
1071.3
1089.6
1109.6
1116.9
1137.5
1168.2
1158.3
1156.8
1162.2
1173.4
1183.0
1196.6
1208.2
1223.1
1229.8
1235.1
1247.0
1273.9
1264.2
1256.6
1254.2
1265.2
1270.6
1278.0
1284.5
1297.5
1305.8
1313.4
1317.7
1344.2
1329.4
1321.5
1324.0
1351.1
1353.3
1367.7
1374.0
1389.0
1400.7
1408.5
1414.6
1441.3
1441.9
1440.2
1442.4
1448.8
1459.9
1471.6
1483.8
1504.1
1511.9
1519.4
1532.0
1553.6
1551.9
1549.3
1553.8
1564.2
1576.8
1601.8
1619.5
1649.9
1667.1
1685.8
1706.0
1741.3
1744.2
1747.0
1749.7
1765.9
1773.9
1784.2
1788.5
1806.8
1815.7
1833.5
1863.8
1892.0
1883.3
1879.9
1884.3
1898.3
1909.0
1920.3
1931.4
1949.8
1954.9
1963.9
1974.0
1999.9
1999.4
1992.8
1989.8
2004.5
2018.2
2019.9
2025.5
2046.3
2061.0
2071.0
2073.9
2104.4
2109.8
2095.8
2097.9
2102.5
2111.3
2116.1
2126.1
2146.2
2163.4
2180.3
2190.7
2219.4
2217.9
2209.5
2204.0
2217.2
2217.9
2230.6
2241.6
2268.2
2276.5
2278.8
2289.0
2313.9
2314.3
2297.2
2284.5
2292.8
2306.4
2315.8
2328.5
2356.6
2367.0
2369.2
2391.3
2418.3
2415.1
2400.4
2399.5
2405.6
2423.5
2433.3
2450.6
2489.1
2505.1
2509.6
2530.7
2554.2
2554.3
2538.8
2535.2
2547.2
2554.1
2564.6
2572.3