6895.4
6943.5
6995.9
7050.0
7119.9
7154.1
7108.2
7132.8
7178.9
7199.2
7218.9
7220.6
7046.6
7095.3
7138.4
7153.1
7199.4
7222.1
7154.1
7169.6
7227.8
7238.9
7259.1
7271.0
7103.6
7151.9
7192.8
7242.0
7279.4
7293.3
7275.4
7282.7
7305.3
7375.9
7390.6
7413.2
7278.4
7341.2
7384.5
7434.4
7469.1
7500.6
7502.7
7525.9
7562.8
7590.7
7610.8
7654.4
7505.4
7548.3
7610.2
7699.0
7727.7
7764.7
7772.4
7805.8
7842.5
7890.9
7939.6
7984.1
7818.4
7885.0
7935.7
7973.1
8017.1
8049.9
8008.7
8049.2
8100.4
8127.5
8170.8
8216.4
8031.5
8087.1
8140.7
8201.3
8256.5
8268.6
8245.6
8286.2
8317.3
8395.2
8450.7
8474.6
8324.1
8409.6
8481.8
8535.2
8600.4
8634.3
8598.4
8652.7
8718.2
8757.3
8805.8
8847.2
8695.8
8772.4
8831.3
8884.0
8937.3
8957.4
8912.3
8965.1
9033.7
9066.8
9105.7
9160.6
8959.8
9034.4
9099.2
9108.3
9138.9
9171.8
9109.6
9158.1
9229.9
9256.7
9297.4
9358.9
9195.7
9275.3
9357.2
9369.9
9444.8
9472.5
9388.1
9455.7
9521.6
9522.3
9564.6
9614.3
9423.5
9493.3
9550.1
9547.6
9574.7
9583.5
9460.9
9511.3
9532.2
9488.8
9498.6
9502.8
9306.2
9360.2
9417.4
9423.2
9469.2
9452.1
9347.9
9401.0
9450.7
9428.9
9461.5
9473.1
9280.8
9327.0
9361.1
9374.5
9402.3
9380.0
9281.4
9337.0
9394.7
9404.0
9432.4
9465.3
9306.9
9371.6
9433.9
9480.3
9506.8
9507.2
9450.7
9496.4
9545.7
9585.2
9621.6
9658.8
9493.0
9563.8
9634.0
9700.8
9730.9
9736.6
9697.9
9751.5
9834.1
9847.1
9926.9
9968.8
9809.9
9892.6
9981.2
10005.5
10061.1
10090.3
9994.5
10073.8
10158.7
10178.1
10249.7
10299.4
10106.1
10206.6
10301.8
10303.8
10365.1
10405.7
10311.9
10369.5
10419.6
10470.4
10511.5
10538.0
10374.8
10446.3
10535.7
10581.5
10612.5
10641.5
10562.8